 0.05	1.011e+02
 0.10	7.003e+01
 0.15	3.699e+01
 0.20	2.299e+01
 0.25	1.561e+01
 0.30	1.124e+01
 0.35	8.454e+00
 0.40	6.590e+00
 0.45	5.269e+00
 0.50	4.306e+00
 0.55	3.585e+00
 0.60	3.030e+00
 0.65	2.593e+00
 0.70	2.241e+00
 0.75	1.958e+00
 0.80	1.727e+00
 0.85	1.535e+00
 0.90	1.370e+00
 0.95	1.231e+00
 1.00	1.111e+00
 1.05	1.008e+00
 1.10	9.197e-01
 1.15	8.433e-01
 1.20	7.763e-01
 1.25	7.135e-01
 1.30	6.613e-01
 1.35	6.135e-01
 1.40	5.719e-01
 1.45	5.325e-01
 1.50	4.977e-01
 1.55	4.662e-01
 1.60	4.382e-01
 1.65	4.112e-01
 1.70	3.886e-01
 1.75	3.663e-01
 1.80	3.465e-01
 1.85	3.282e-01
 1.90	3.119e-01
 1.95	2.954e-01
 2.00	2.808e-01
 2.05	2.681e-01
 2.10	2.554e-01
 2.15	2.439e-01
 2.20	2.326e-01
 2.25	2.224e-01
 2.30	2.125e-01
 2.35	2.040e-01
 2.40	1.956e-01
 2.45	1.878e-01
 2.50	1.803e-01
 2.55	1.731e-01
 2.60	1.662e-01
 2.65	1.607e-01
 2.70	1.550e-01
 2.75	1.490e-01
 2.80	1.438e-01
 2.85	1.385e-01
 2.90	1.340e-01
 2.95	1.294e-01
 3.00	1.254e-01
 3.05	1.211e-01
 3.10	1.172e-01
 3.15	1.136e-01
 3.20	1.101e-01
 3.25	1.068e-01
 3.30	1.031e-01
 3.35	1.003e-01
 3.40	9.713e-02
 3.45	9.419e-02
 3.50	9.191e-02
 3.55	8.906e-02
 3.60	8.683e-02
 3.65	8.451e-02
 3.70	8.223e-02
 3.75	7.988e-02
 3.80	7.752e-02
 3.85	7.566e-02
 3.90	7.390e-02
 3.95	7.194e-02
 4.00	6.993e-02
 4.05	6.827e-02
 4.10	6.658e-02
 4.15	6.486e-02
 4.20	6.351e-02
 4.25	6.190e-02
 4.30	6.040e-02
 4.35	5.918e-02
 4.40	5.783e-02
 4.45	5.648e-02
 4.50	5.510e-02
 4.55	5.408e-02
 4.60	5.284e-02
 4.65	5.175e-02
 4.70	5.056e-02
 4.75	4.951e-02
 4.80	4.836e-02
 4.85	4.731e-02
 4.90	4.651e-02
 4.95	4.542e-02
 5.00	4.428e-02
 5.05	4.366e-02
 5.10	4.282e-02
 5.15	4.178e-02
 5.20	4.102e-02
 5.25	4.032e-02
 5.30	3.947e-02
 5.35	3.857e-02
 5.40	3.793e-02
 5.45	3.716e-02
 5.50	3.643e-02
 5.55	3.587e-02
 5.60	3.529e-02
 5.65	3.462e-02
 5.70	3.387e-02
 5.75	3.327e-02
 5.80	3.261e-02
 5.85	3.229e-02
 5.90	3.169e-02
 5.95	3.103e-02
 6.00	3.066e-02
 6.05	3.003e-02
 6.10	2.941e-02 
 6.15	2.900e-02
 6.20	2.847e-02
 6.25	2.801e-02
 6.30	2.753e-02
 6.35	2.698e-02
 6.40	2.647e-02
 6.45	2.621e-02
 6.50	2.579e-02
 6.55	2.540e-02
 6.60	2.494e-02
 6.65	2.459e-02
 6.70	2.417e-02
 6.75	2.378e-02
 6.80	2.345e-02
 6.85	2.298e-02
 6.90	2.274e-02
 6.95	2.221e-02
 7.00	2.199e-02
 7.05	2.170e-02
 7.10	2.140e-02
 7.15	2.103e-02
 7.20	2.063e-02
 7.25	2.028e-02
 7.30	2.017e-02
 7.35	1.976e-02
 7.40	1.947e-02
 7.45	1.927e-02
 7.50	1.903e-02
 7.55	1.870e-02
 7.60	1.845e-02
 7.65	1.814e-02
 7.70	1.788e-02
 7.75	1.767e-02
 7.80	1.735e-02
 7.85	1.714e-02
 7.90	1.699e-02
 7.95	1.670e-02
 8.00	1.647e-02
 8.05	1.622e-02
 8.10	1.600e-02
 8.15	1.583e-02
 8.20	1.569e-02
 8.25	1.543e-02
 8.30	1.515e-02
 8.35	1.497e-02
 8.40	1.474e-02
 8.45	1.459e-02
 8.50	1.435e-02
 8.55	1.422e-02
 8.60	1.404e-02
 8.65	1.384e-02
 8.70	1.366e-02
 8.75	1.352e-02
 8.80	1.335e-02
 8.85	1.315e-02
 8.90	1.292e-02
 8.95	1.282e-02
 9.00	1.259e-02
 9.05	1.247e-02
 9.10	1.224e-02
 9.15	1.214e-02
 9.20	1.203e-02
 9.25	1.188e-02
 9.30	1.167e-02
 9.35	1.158e-02
 9.40	1.139e-02
 9.45	1.125e-02
 9.50	1.110e-02
 9.55	1.097e-02
 9.60	1.085e-02
 9.65	1.074e-02
 9.70	1.061e-02
 9.75	1.052e-02
 9.80	1.030e-02
 9.85	1.015e-02
 9.90	1.014e-02
 9.95	9.955e-03
10.00	9.887e-03
10.05	9.737e-03
10.10	9.640e-03
10.15	9.537e-03
10.20	9.400e-03
10.25	9.319e-03
10.30	9.154e-03
10.35	9.065e-03
10.40	8.969e-03
10.45	8.890e-03
10.50	8.752e-03
10.55	8.682e-03
10.60	8.552e-03
10.65	8.442e-03
10.70	8.367e-03
10.75	8.262e-03
10.80	8.168e-03
10.85	8.114e-03
10.90	8.010e-03
10.95	7.905e-03
11.00	7.807e-03
11.05	7.688e-03
11.10	7.620e-03
11.15	7.536e-03
11.20	7.487e-03
11.25	7.381e-03
11.30	7.316e-03
11.35	7.188e-03
11.40	7.106e-03
11.45	7.068e-03
11.50	7.005e-03
11.55	6.905e-03
11.60	6.781e-03
11.65	6.726e-03
11.70	6.675e-03
11.75	6.588e-03
11.80	6.514e-03
11.85	6.443e-03
11.90	6.389e-03
11.95	6.277e-03
12.00	6.221e-03
12.05	6.133e-03
12.10	6.093e-03
12.15	6.032e-03
12.20	5.934e-03
12.25	5.903e-03
12.30	5.816e-03
12.35	5.733e-03
12.40	5.669e-03
12.45	5.640e-03
12.50	5.586e-03
12.55	5.501e-03
12.60	5.468e-03
12.65	5.433e-03
12.70	5.318e-03
12.75	5.252e-03
12.80	5.167e-03
12.85	5.165e-03
12.90	5.087e-03
12.95	5.013e-03
13.00	4.982e-03
13.05	4.920e-03
13.10	4.840e-03
13.15	4.849e-03
13.20	4.707e-03
13.25	4.667e-03
13.30	4.650e-03
13.35	4.574e-03
13.40	4.538e-03
13.45	4.479e-03
13.50	4.433e-03
13.55	4.377e-03
13.60	4.372e-03
13.65	4.277e-03
13.70	4.255e-03
13.75	4.184e-03
13.80	4.162e-03
13.85	4.096e-03
13.90	4.015e-03
13.95	3.984e-03
14.00	3.910e-03
14.05	3.923e-03
14.10	3.840e-03
14.15	3.796e-03
14.20	3.742e-03
14.25	3.729e-03
14.30	3.666e-03
14.35	3.622e-03
14.40	3.597e-03
14.45	3.531e-03
14.50	3.494e-03
14.55	3.424e-03
14.60	3.405e-03
14.65	3.356e-03
14.70	3.306e-03
14.75	3.267e-03
14.80	3.209e-03
14.85	3.165e-03
14.90	3.102e-03
14.95	3.081e-03
