0.075     88.5225
0.1     60.2227
0.125     42.2501
0.15     32.2242
0.175     25.2354
0.2     20.5253
0.225     16.8365
0.25     13.8072
0.275     11.8322
0.3     9.97522
0.325     8.61953
0.35     7.59452
0.375     6.69523
0.4     5.9524
0.425     5.14528
0.45     4.7106
0.475     4.26028
0.5     3.84505
0.525     3.54582
0.55     3.21419
0.575     2.96307
0.6     2.73944
0.625     2.48324
0.65     2.31603
0.675     2.1523
0.7     2.00615
0.725     1.87897
0.75     1.76869
0.775     1.60593
0.8     1.53259
0.825     1.44164
0.85     1.35023
0.875     1.30094
0.9     1.24022
0.925     1.14455
0.95     1.09052
0.975     1.04989
1     1
1.025     0.94869
1.05     0.906506
1.075     0.859752
1.1     0.809299
1.125     0.783766
1.15     0.746159
1.175     0.73169
1.2     0.686898
1.225     0.663058
1.25     0.633676
1.275     0.611177
1.3     0.586479
1.325     0.580905
1.35     0.549128
1.375     0.517128
1.4     0.516688
1.425     0.4995
1.45     0.493074
1.475     0.464024
1.5     0.440622
1.525     0.430146
1.55     0.420139
1.575     0.403232
1.6     0.39578
1.625     0.381279
1.65     0.365802
1.675     0.349574
1.7     0.353226
1.725     0.337891
1.75     0.330566
1.775     0.314659
1.8     0.311571
1.825     0.298003
1.85     0.289047
1.875     0.284823
1.9     0.282155
1.925     0.274422
1.95     0.269133
1.975     0.262053
2     0.254431
2.025     0.250822
2.05     0.24148
2.075     0.237824
2.1     0.227937
2.125     0.223159
2.15     0.218971
2.175     0.21327
2.2     0.21218
2.225     0.206222
2.25     0.201461
2.275     0.195485
2.3     0.185986
2.325     0.18895
2.35     0.1866
2.375     0.176123
2.4     0.17585
2.425     0.170481
2.45     0.161884
2.475     0.165341
2.5     0.158073
2.525     0.159911
2.55     0.153709
2.575     0.15153
2.6     0.149635
2.625     0.14858
2.65     0.145162
2.675     0.140577
2.7     0.138389
2.725     0.134396
2.75     0.135043
2.775     0.130993
2.8     0.127945
2.825     0.124468
2.85     0.126343
2.875     0.119295
2.9     0.117525
2.925     0.118098
2.95     0.117009
2.975     0.112872
3     0.111424
3.025     0.109317
3.05     0.109442
3.075     0.105266
3.1     0.10585
3.125     0.10426
3.15     0.103231
3.175     0.0988773
3.2     0.0944173
3.225     0.0947087
3.25     0.0963775
3.275     0.0917779
3.3     0.0933064
3.325     0.0899444
3.35     0.0890305
3.375     0.0885354
3.4     0.08679
3.425     0.0847942
3.45     0.0817596
3.475     0.0827353
3.5     0.0835476
3.525     0.0778931
3.55     0.079387
3.575     0.0807559
3.6     0.0765997
3.625     0.0752639
3.65     0.0753626
3.675     0.0742238
3.7     0.0722233
3.725     0.0732571
3.75     0.0720193
3.775     0.070979
3.8     0.0688441
3.825     0.0679911
3.85     0.0660974
3.875     0.0658609
3.9     0.0671661
3.925     0.0632011
3.95     0.0663805
3.975     0.0633781
4     0.063824
4.025     0.0646243
4.05     0.0632369
4.075     0.0612941
4.1     0.0606672
4.125     0.0582792
4.15     0.0589823
4.175     0.0561926
4.2     0.0566268
4.225     0.0553237
4.25     0.0564391
4.275     0.0541573
4.3     0.0548909
4.325     0.0545791
4.35     0.0537993
4.375     0.0534792
4.4     0.0532131
4.425     0.0535727
4.45     0.050527
4.475     0.0499979
4.5     0.0494061
4.525     0.0511396
4.55     0.0484576
4.575     0.0479416
4.6     0.0467843
4.625     0.0455078
4.65     0.0479168
4.675     0.047885
4.7     0.0467944
4.725     0.0448685
4.75     0.0446978
4.775     0.0433082
4.8     0.0417347
4.825     0.0420114
4.85     0.0412275
4.875     0.0410894
4.9     0.0419647
4.925     0.0418566
4.95     0.0425444
4.975     0.0393297
5     0.0398979
5.025     0.0402231
5.05     0.0390926
5.075     0.0390946
5.1     0.0377632
5.125     0.0370346
5.15     0.0367962
5.175     0.0365443
5.2     0.0355631
5.225     0.0364097
5.25     0.0364165
5.275     0.035381
5.3     0.036154
5.325     0.0345815
5.35     0.0356858
5.375     0.0351614
5.4     0.0349552
5.425     0.0336403
5.45     0.0340359
5.475     0.0339212
5.5     0.034195
5.525     0.0320929
5.55     0.0319341
5.575     0.0325558
5.6     0.0333732
5.625     0.031876
5.65     0.0322791
5.675     0.031412
5.7     0.0311404
5.725     0.031303
5.75     0.0307397
5.775     0.0301751
5.8     0.0300837
5.825     0.029614
5.85     0.0286354
5.875     0.0290497
5.9     0.029631
5.925     0.0269007
5.95     0.028263
5.975     0.0283109
6     0.0283067
6.025     0.0266392
6.05     0.0280494
6.075     0.028478
6.1     0.0266659
6.125     0.0264181
6.15     0.0267713
6.175     0.0267042
6.2     0.0256394
6.225     0.025978
6.25     0.0254793
6.275     0.0246495
6.3     0.0248354
6.325     0.0249499
6.35     0.0244928
6.375     0.0244003
6.4     0.0243519
6.425     0.0238933
6.45     0.024183
6.475     0.0234696
6.5     0.0236666
6.525     0.0229937
6.55     0.0228705
6.575     0.0220444
6.6     0.0233133
6.625     0.0225377
6.65     0.0217367
6.675     0.0217769
6.7     0.021984
6.725     0.0217507
6.75     0.0216793
6.775     0.0210241
6.8     0.0228003
6.825     0.0216531
6.85     0.0208279
6.875     0.0207954
6.9     0.0204684
6.925     0.0210148
6.95     0.0201254
6.975     0.0201285
7     0.0197138
7.025     0.0198304
7.05     0.0194645
7.075     0.0190131
7.1     0.0194845
7.125     0.0196634
7.15     0.0189243
7.175     0.0187599
7.2     0.0185532
7.225     0.0185461
7.25     0.0193229
7.275     0.0183534
7.3     0.0178471
7.325     0.0180285
7.35     0.0176676
7.375     0.0178291
7.4     0.0176857
7.425     0.0184107
7.45     0.0173031
7.475     0.0173758
7.5     0.0169185
7.525     0.0175018
7.55     0.0166496
7.575     0.0166858
7.6     0.0156563
7.625     0.0169902
7.65     0.0162406
7.675     0.0168149
7.7     0.0160621
7.725     0.0160686
7.75     0.0158286
7.775     0.0162089
7.8     0.0158924
7.825     0.0156428
7.85     0.0151808
7.875     0.0153358
7.9     0.0157044
7.925     0.014794
7.95     0.0154569
7.975     0.015895
8     0.0150503
8.025     0.0145224
8.05     0.0150078
8.075     0.0154948
8.1     0.014416
8.125     0.0137645
8.15     0.01413
8.175     0.0148225
8.2     0.0147557
8.225     0.0139472
8.25     0.013821
8.275     0.0142069
8.3     0.0141918
8.325     0.0135518
8.35     0.0138722
8.375     0.0135697
8.4     0.0136112
8.425     0.0138935
8.45     0.0134337
8.475     0.0127862
8.5     0.0126973
8.525     0.0131231
8.55     0.0134546
8.575     0.0128131
8.6     0.0129674
8.625     0.0128063
8.65     0.0120184
8.675     0.0128624
8.7     0.0121751
8.725     0.0125605
8.75     0.0120723
8.775     0.0126261
8.8     0.0120514
8.825     0.0116825
8.85     0.0119387
8.875     0.0121133
8.9     0.0114783
8.925     0.0117318
8.95     0.0117344
8.975     0.0118944
9     0.011828
9.025     0.0121282
9.05     0.0110414
9.075     0.0112183
9.1     0.0112958
9.125     0.0114046
9.15     0.0111904
9.175     0.0106525
9.2     0.0107759
9.225     0.010434
9.25     0.0107187
9.275     0.0104219
9.3     0.0110618
9.325     0.0110507
9.35     0.0109933
9.375     0.0102189
9.4     0.0105131
9.425     0.0107646
9.45     0.0104602
9.475     0.0101193
9.5     0.010058
9.525     0.00984158
9.55     0.0101121
9.575     0.00987927
9.6     0.00945028
9.625     0.00961704
9.65     0.0102942
9.675     0.0102653
9.7     0.0100068
9.725     0.0101485
9.75     0.0100832
9.775     0.00964468
9.8     0.00965499
9.825     0.00973423
9.85     0.00944906
9.875     0.00904549
9.9     0.00933393
9.925     0.00919141
9.95     0.00908595
9.975     0.0091771
10     0.00893354
