0     0
0.1     65.1429
0.2     21.9762
0.3     10.1425
0.4     6.34137
0.5     4.21805
0.6     2.93243
0.7     1.91231
0.8     1.67545
0.9     1.29717
1     1
1.1     0.789274
1.2     0.835894
1.3     0.727847
1.4     0.477555
1.5     0.374821
1.6     0.327666
1.7     0.426859
1.8     0.266056
1.9     0.294911
2     0.228983
2.1     0.220499
2.2     0.2227
2.3     0.232063
2.4     0.220979
2.5     0.134896
2.6     0.137327
2.7     0.170212
2.8     0.0971589
2.9     0.111701
3     0.127075
3.1     0.0849337
3.2     0.0739606
3.3     0.0874944
3.4     0.0909632
3.5     0.118288
3.6     0.0878521
3.7     0.0664227
3.8     0.120251
3.9     0.0791583
4     0.0804622
4.1     0.0622481
4.2     0.109733
4.3     0.0363165
4.4     0.115224
4.5     0.0355636
4.6     0.0506159
4.7     0.0212943
4.8     0.033068
4.9     0.0423979
5     0.0420919
5.1     0.0489767
5.2     0.0261295
5.3     0.0795082
5.4     0.0233536
5.5     0.0169205
5.6     0.0207759
5.7     0.0522604
5.8     0.0377861
5.9     0.0245525
6     0.0341076
6.1     0.0263139
6.2     0.0189758
6.3     0.0220544
6.4     0.0256907
6.5     0.0333502
6.6     0.035067
6.7     0.0120985
6.8     0.0361399
6.9     0.0341044
7     0.014429
7.1     0.0433784
7.2     0.0144365
7.3     0.0371612
7.4     0.0227346
7.5     0.0073767
7.6     0.0295173
7.7     0.0422561
7.8     0.00895067
7.9     0.0279469
8     0.0161158
8.1     0.0183713
8.2     0.0246767
8.3     0.0059465
8.4     0.00763044
8.5     0.00745714
8.6     0.0289733
8.7     0.012942
8.8     0.00678001
8.9     0.00479235
9     0.0226822
9.1     0.00476782
9.2     0.0083261
9.3     0.00666283
9.4     0.0128154
9.5     0.0139847
9.6     0.0144932
9.7     0.00930632
9.8     0.00502278
9.9     0.0162876
10     0
